# generated nodes and link file 
GRAPH (#nodes #links id uu vv ww xx yy zz):
PARAMETERS
# generated parameter file 
geo 	# method used : geo, ts or hier
0 	# count, not used
0 	# seed, not used
# nbr_of_nodes  scale  method  alfa  beta  gamma
19 	 19 	 3 	 0.2 	 0.0 	 0.0 	 
7 	 7 	 3 	 0.2 	 0.0 	 0.0 	 
7 	 7 	 3 	 0.2 	 0.0 	 0.0 	 
7 	 7 	 3 	 0.2 	 0.0 	 0.0 	 

STATISTICS 
19 	# number of nodes
39 	# number of links
90 	# xmin
4503 	# xmax
117 	# ymin
2550 	# ymax
50 # dist_factor /* European=50, Pan_Am=2, Japan=10     */
7 	# max_nbr_of_links

VERTICES (index name u v w x y z):
0 0 2292 117 Oslo
1 0 2601 567 Copenhagen
2 0 3106 181 Stockholm
3 0 4503 999 Moscow
4 0 2597 931 Berlin
5 0 2708 1214 Prague
6 0 2914 1415 Vienna
7 0 2914 1710 Zagreb
8 0 3736 2550 Athens
9 0 2125 1715 Milan
10 0 2048 1505 Zurich
11 0 1363 1342 Paris
12 0 690 2289 Madrid
13 0 90 2477 Lisbon
14 0 407 841 Dublin
15 0 1084 1051 London
16 0 1654 952 Amsterdam
17 0 1585 1119 Brussels
18 0 1783 1248 Luxemburgh

EDGES (from-node to-node distance a b):
0 1 545.8763596273427 1 
0 2 816.5120942153889 1 
0 15 1526.9643086857006 1 
1 2 635.6264626335187 1 
1 16 1022.2690448213718 1 
2 3 1618.8678142454992 1 
2 4 906.4110546545645 1 
3 4 1907.2126257971343 1 
4 5 303.99013141876827 1 
4 6 578.5715167548434 1 
4 9 915.1174787971214 1 
4 15 1517.7512971498327 1 
4 16 943.2337992247733 1 
5 6 287.81417616232875 1 
5 9 768.6936971251944 1 
5 10 721.3050672219072 1 
5 16 1086.075503820982 1 
5 18 925.6246539499691 1 
6 7 295.0 1 
7 8 1175.2803920767162 1 
7 9 789.0158426799807 1 
8 9 1814.5374066135976 1 
9 10 223.6716343213864 1 
9 11 848.39436584645 1 
10 11 704.1264091056378 1 
10 17 602.7976443218736 1 
10 18 369.15308477649216 1 
11 12 1161.782251542861 1 
11 14 1079.3224726651438 1 
11 15 403.1401741330179 1 
11 17 314.66331212901196 1 
12 13 628.7638666462951 1 
13 15 1738.2496943765013 1 
14 15 708.8222626300616 1 
15 16 578.5334908196759 1 
15 17 505.5937104039171 1 
16 17 108.6931099959265 1
16 18 322.88852565552713 1 
17 18 236.31546711969574 1 
